1.047197551196597631e+00 -2.094395102393195263e+00
1.047197551196597631e+00 -1.745329251994329534e+00
1.047197551196597631e+00 -1.396263401595463582e+00
1.047197551196597631e+00 -1.047197551196597631e+00
1.012290966156711214e+00 -1.047197551196597631e+00
1.082104136236484271e+00 -1.047197551196597631e+00
1.047197551196597631e+00 -6.981317007977317912e-01
1.012290966156711214e+00 -6.981317007977317912e-01
1.082104136236484271e+00 -6.981317007977317912e-01
1.047197551196597631e+00 -4.886921905584122872e-01
1.012290966156711214e+00 -4.886921905584122872e-01
1.082104136236484271e+00 -4.886921905584122872e-01
1.134464013796314230e+00 -4.886921905584122872e-01
9.599310885968812546e-01 -4.886921905584122872e-01
1.047197551196597631e+00 -2.792526803190927276e-01
1.012290966156711214e+00 -2.792526803190927276e-01
1.082104136236484271e+00 -2.792526803190927276e-01
1.134464013796314230e+00 -2.792526803190927276e-01
9.599310885968812546e-01 -2.792526803190927276e-01
1.047197551196597631e+00 -1.396263401595463638e-01
1.012290966156711214e+00 -1.396263401595463638e-01
1.082104136236484271e+00 -1.396263401595463638e-01
1.134464013796314230e+00 -1.396263401595463638e-01
9.599310885968812546e-01 -1.396263401595463638e-01
1.221730476396030607e+00 -1.396263401595463638e-01
8.726646259971647668e-01 -1.396263401595463638e-01
1.047197551196597631e+00 0.000000000000000000e+00
1.012290966156711214e+00 0.000000000000000000e+00
1.082104136236484271e+00 0.000000000000000000e+00
1.134464013796314230e+00 0.000000000000000000e+00
9.599310885968812546e-01 0.000000000000000000e+00
1.221730476396030607e+00 0.000000000000000000e+00
8.726646259971647668e-01 0.000000000000000000e+00
1.047197551196597631e+00 1.396263401595463638e-01
1.012290966156711214e+00 1.396263401595463638e-01
1.082104136236484271e+00 1.396263401595463638e-01
1.134464013796314230e+00 1.396263401595463638e-01
9.599310885968812546e-01 1.396263401595463638e-01
1.221730476396030607e+00 1.396263401595463638e-01
8.726646259971647668e-01 1.396263401595463638e-01
1.047197551196597631e+00 2.792526803190927276e-01
1.012290966156711214e+00 2.792526803190927276e-01
1.082104136236484271e+00 2.792526803190927276e-01
1.134464013796314230e+00 2.792526803190927276e-01
9.599310885968812546e-01 2.792526803190927276e-01
1.047197551196597631e+00 4.886921905584122872e-01
1.012290966156711214e+00 4.886921905584122872e-01
1.082104136236484271e+00 4.886921905584122872e-01
1.134464013796314230e+00 4.886921905584122872e-01
9.599310885968812546e-01 4.886921905584122872e-01
1.047197551196597631e+00 6.981317007977317912e-01
1.012290966156711214e+00 6.981317007977317912e-01
1.082104136236484271e+00 6.981317007977317912e-01
1.047197551196597631e+00 1.047197551196597631e+00
1.012290966156711214e+00 1.047197551196597631e+00
1.082104136236484271e+00 1.047197551196597631e+00
1.047197551196597631e+00 1.396263401595463582e+00
1.047197551196597631e+00 1.745329251994329534e+00
1.047197551196597631e+00 2.094395102393195263e+00
